1.92686e-322
2.487e-05
3.73e-05
4.793e-05
5.734e-05
6.714e-05
7.638e-05
8.526e-05
9.337e-05
0.00010117
0.00011653
0.00013378
0.00023143
0.00025203
0.00022041
0.00015522
0.00015689
0.00021267
0.00017284
0.00020865
0.0002013
0.00025459
0.00026197
0.00021097
0.00028959
0.00022714
0.00027735
0.00026303
0.00026964
0.00036596
0.00028744
0.00039706
0.00029936
0.00040838
0.00031314
0.00031499
0.00034052
0.00042966
0.00041826
0.00033277
0.00050703
0.00051722
0.00048114
0.00048733
0.00050166
0.00037305
0.00053956
0.00057881
0.00054308
0.00053993
0.00057498
0.00057941
0.00031602
0.00047425
0.0005749
0.00060971
0.00064373
0.00065796
0.00063285
0.00066316
0.00070722
0.00074655
0.0006852
0.00067466
0.00042327
0.00051922
0.00054735
0.00069239
0.0007325
0.00095697
0.00063177
0.0009036
0.00087718
0.00087634
0.00091051
0.00068707
0.00089405
0.00093829
0.00095351
0.00095434
0.00095017
0.00092494
0.00098044
0.00097145
0.00103345
0.0010784
0.00080119
0.00076917
0.00073627
0.00074189
0.0007572
0.00076916
0.00080768
0.0007347
0.00100822
0.00101738
0.00102578
0.0010742
0.00107299
0.00078774
0.00113155
0.00081293
0.00120366
0.00119697
0.00116314
0.00123826
0.00123243
0.00080929
0.00094212
0.00125211
0.00129056
0.00129054
0.00130326
0.00127227
0.00153423
0.00355202
0.00153661
0.00123539
0.00132275
0.0012796
0.00127797
0.00132726
0.00126753
0.00135614
0.00143211
0.00140827
0.00135431
0.00132559
0.00137293
0.0014713
0.00147329
0.00139901
0.00140681
0.00143781
0.00156335
0.00153093
0.0015201
0.00150968
0.00108781
0.00152756
0.00155444
0.00156635
0.00158776
0.00133557
0.00109196
0.00110148
0.00116311
0.00113823
0.00117101
0.00114374
0.00117212
0.00118532
0.00121445
0.00124666
0.00126985
0.00165709
0.00111936
0.00150623
0.00170593
0.00185457
0.00171584
0.00178759
0.00185166
0.00185043
0.00188161
0.00189168
0.00194413
0.00194754
0.00200395
0.00195762
0.00174933
0.00183641
0.00177333
0.00135105
0.00133138
0.00134325
0.00137288
0.00136476
0.00136094
0.00137029
0.00140483
0.00188423
0.00177961
0.00132561
0.00134151
0.00189359
0.00192541
0.0019242
0.00199544
0.00202826
0.00200602
0.00212118
0.00184617
0.00142443
0.00145059
0.00147041
0.0014845
0.00151217
0.00153818
0.00153291
0.00153351
0.00153579
0.00153268
0.00153819
0.00154287
0.00155635
0.00156191
0.00157849
0.001602
0.0015662
0.00158531
0.00159623
0.00163595
0.00162347
0.00161732
0.00163541
0.00164018
0.00165297
0.00165052
0.00166047
0.00166771
0.00167735
0.00170903
0.00171151
0.00170225
0.00170558
0.00174931
0.00180116
0.00228613
0.00269553
0.00242689
0.00247642
0.00185643
0.00248963
0.0023152
0.00234092
0.00239367
0.00246114
0.00244006
0.00249323
0.00251202
0.00251276
0.00253344
0.00262793
0.0024611
0.00266767
0.00258209
0.00253764
0.0025779
0.00197165
0.00192971
0.00196601
0.00192783
0.00188228
0.00197045
0.00194053
0.00202937
0.00193866
0.00196649
0.00200542
0.00200123
0.00199408
0.00200393
0.00201171
0.00202117
0.00202879
0.00202948
0.00208012
0.00205353
0.00203804
0.00202102
0.0021162
0.00267847
0.00295476
0.00299426
0.00302112
0.00220583
0.00232975
0.00270484
0.00314154
0.00317148
0.00316656
0.00262184
0.00202677
0.00208622
0.00212783
0.00212407
0.00215919
0.0021903
0.00217905
0.00219818
0.00218705
0.00219417
0.00217702
0.00220642
0.0022252
0.00223453
0.00226712
0.00225983
0.00227328
0.00226504
0.00227638
0.00235035
0.00229627
0.00230291
0.00271223
0.00312055
0.00317828
0.00316492
0.00310515
0.00325325
0.00332107
0.00324564
0.00330669
0.00342613
0.00337445
0.00339673
0.0027529
0.00236955
0.00232015
0.00234301
0.00235207
0.00238015
0.0024075
0.00238609
0.00239511
0.00241797
0.00244935
0.00244693
0.00248661
0.00246512
0.0024737
0.00310109
0.00307822
0.00330586
0.00349068
0.00336217
0.00332756
0.00349017
0.00348657
0.00327817
0.00335556
0.00344826
0.00343059
0.00359342
0.00351608
0.00367229
0.00350898
0.00362331
0.00353229
0.00366922
0.00389896
0.00362602
0.00343251
0.00354314
0.00356812
0.00361303
0.00370795
0.00353482
0.00355875
0.00362377
0.00368215
0.00373995
0.00362821
0.00369609
0.00375681
0.00361409
0.00367614
0.00388043
0.00392011
0.00384647
0.00385579
0.00395388
0.00381103
0.00397548
0.00394543
0.00398827
0.00402239
0.00449739
0.00386634
0.00391592
0.0038506
0.00411595
0.00411908
0.00376522
0.00283927
0.00289751
0.00291011
0.00291502
0.00297768
0.00295598
0.00296167
0.00292668
0.00296642
0.00295968
0.00300977
0.00300588
0.00297604
0.00297408
0.00301803
0.00301238
0.00300437
0.00302153
0.00305273
0.00307334
0.00305958
0.00309669
0.00303844
0.00307979
0.00314263
0.00307042
0.00306231
0.00316225
0.00310323
0.00307238
0.00306104
0.00312533
0.00359406
0.00419785
0.0043654
0.00450294
0.00424794
0.00421395
0.0042302
0.00418184
0.00435738
0.00433686
0.00443339
0.00432744
0.00433512
0.00435479
0.00434928
0.00466065
0.00442855
0.00445413
0.00485428
0.00460865
0.00454567
0.00474784
0.00454476
0.00454389
0.00461359
0.00444949
0.00439874
0.00450601
0.00364474
0.00321131
0.00328242
0.00333823
0.00332514
0.00333607
0.00339569
0.00335929
0.00335857
0.00337854
0.00340631
0.00340614
0.00341319
0.00339537
0.00345563
0.00342373
0.00349228
0.00472187
0.0048523
0.00484463
0.00488536
0.0048203
0.00486662
0.00493971
0.00501522
0.00486763
0.00485898
0.00493751
0.00513354
0.00487109
0.00496971
0.00502212
0.00512568
0.00542804
0.00562234
0.00544455
0.00501621
0.00521707
0.00503434
0.00515019
0.00500308
0.00515419
0.00507863
0.00516528
0.00522811
0.00524793
0.00530515
0.00520363
0.00553754
0.00543315
0.00528686
0.00557593
0.0055462
0.00566518
0.00559743
0.00556186
0.00564294
0.00568956
0.00565212
0.00566622
0.00577159
0.00569941
0.00566901
0.00577808
0.00570675
0.00573929
0.00635764
0.00554083
0.00571443
0.0058531
0.00608659
0.00540411
0.00517505
0.00510226
0.00584166
0.00599772
0.00572563
0.00537269
0.00429955
0.00539679
0.00537282
0.00604372
0.00544719
0.00581464
0.00550703
0.00532672
0.00551005
0.00588026
0.00616582
0.00602304
0.00579582
0.0056879
0.00566232
0.00569422
0.00541155
0.00563711
0.00680193
0.00593229
0.00612232
0.0063195
0.00618156
0.00666654
0.00978213
0.00656702
0.00636174
0.00648263
0.0049429
0.00464431
0.00467378
0.0047713
0.00581644
0.00663084
0.00661029
0.00692576
0.00638998
0.00619163
0.00621647
0.00677663
0.00432433
0.00609682
0.00808477
0.00625914
0.00485183
0.00495999
0.00675372
0.00647757
0.00543182
0.0053406
0.00426412
0.00519848
0.00610859
0.00588358
0.00585959
0.00584302
0.0063856
0.00626489
0.00700835
0.00706172
0.00610938
0.00578916
0.00445737
0.00437181
0.00613046
0.00674968
0.00673561
0.00631415
0.00567484
0.00541449
0.00442466
0.00479523
0.00652692
0.0073513
0.00617242
0.00531881
0.00584408
0.00620431
0.00641482
0.00629277
0.00648972
0.00646632
0.00590914
0.00429542
0.00444322
0.00445547
0.00451143
0.00448174
0.00452168
0.00453329
0.00459422
0.00477688
0.00693862
0.0078593
0.00671756
0.00642035
0.00730564
0.00679213
0.00655357
0.00659463
0.00660987
0.00659802
0.0067362
0.00668852
0.00681011
0.00617093
0.00490443
0.00716707
0.00676754
0.00649658
0.00645356
0.00650326
0.00657847
0.00657923
0.00686537
0.00676739
0.00652479
0.00672879
0.00452624
0.00469309
0.00478902
0.00476177
0.00480689
0.00476935
0.00484628
0.00501773
0.00694608
0.00677516
0.0066849
0.00698988
0.00744396
0.0071715
0.00693155
0.00575279
0.00670747
0.00696834
0.00689424
0.00697239
0.00707808
0.00680711
0.00691858
0.00706283
0.00694932
0.00705306
0.00586388
0.005058
0.00706033
0.00715913
0.00756944
0.00711329
0.00719168
0.00716107
0.00714837
0.00725466
0.00740655
0.00719876
0.00730603
0.00717436
0.00668833
0.00510122
0.00513558
0.00520779
0.00545617
0.00549053
0.00627691
0.00554136
0.00519831
0.00532252
0.00524308
0.00521171
0.00601625
0.00713749
0.00723168
0.00661165
0.0051621
0.00519494
0.00670921
0.00709516
0.00542944
0.00526871
0.00589009
0.00578889
0.00532109
0.00531642
0.00537135
0.00532474
0.00539211
0.00547115
0.00543079
0.00544903
0.00554858
0.00538028
0.00568925
0.00549604
0.0061233
0.00542373
0.00546343
0.00546412
0.00705889
0.00790711
0.00533851
0.00546086
0.00562591
0.00547853
0.00627777
0.00801671
0.00780318
0.00781759
0.00783877
0.00591456
0.00591697
0.0060002
0.00770679
0.00841693
0.00809639
0.0078778
0.00762887
0.00534259
0.00575091
0.00558312
0.00543516
0.0061271
0.00547038
0.00610344
0.00688853
0.00564114
0.00566283
0.00575223
0.00575421
0.00564671
0.00638361
0.0078839
0.00601719
0.00610073
0.00614611
0.00612035
0.00619514
0.00619223
0.00617393
0.00616489
0.00615025
0.0054682
0.00557379
0.00568949
0.00567364
0.00736569
0.00833192
0.0080154
0.00788674
0.00809461
0.00810856
0.00810519
0.00815827
0.00804695
0.00788145
0.00799173
0.00844561
0.00825523
0.00817366
0.00781891
0.00605702
0.00634827
0.00629236
0.00649774
0.00642783
0.00630324
0.00628519
0.00633307
0.00648125
0.00801657
0.00818666
0.00812315
0.00819536
0.00813906
0.00881972
0.00892912
0.00900023
0.00946782
0.00892022
0.0119179
0.00856498
0.00854912
0.00851883
0.00848285
0.00863645
0.00727523
0.00598775
0.00600551
0.00611699
0.00612564
0.00609543
0.00607659
0.00612252
0.00610405
0.00609996
0.00616663
0.00617536
0.0061155
0.00609319
0.00613905
0.00617787
0.00713282
0.00610849
0.00620234
0.00619673
0.00634783
0.00619072
0.00621679
0.00621457
0.00632686
0.00628783
0.00714346
0.00837599
0.00852282
0.00862652
0.00875821
0.00920872
0.00890719
0.00818574
0.00675178
0.00739124
0.00946433
0.00948926
0.00950476
0.0094959
0.00875657
0.00925502
0.00933865
0.00851432
0.00633528
0.00650054
0.00636519
0.00641362
0.00690217
0.0084541
0.00904292
0.00659849
0.00653357
0.00644849
0.00642663
0.00644027
0.00650028
0.00724965
0.00653931
0.00653372
0.00654907
0.00656825
0.00901302
0.00913599
0.00929451
0.00853946
0.00646324
0.00666615
0.00640456
0.00643529
0.00644251
0.00755414
0.0097235
0.00969377
0.00996242
0.00673677
0.00641408
0.00715101
0.00793779
0.00659506
0.00664848
0.00672492
0.00747938
0.00926111
0.00805548
0.00740646
0.00720364
0.00727366
0.00720797
0.00724748
0.00709357
0.00725166
0.00728543
0.00730291
0.00708672
0.00732913
0.00803455
0.0100999
0.00816413
0.00679516
0.00696788
0.00683195
0.0068331
0.00682693
0.00682039
0.00682682
0.00736293
0.0077395
0.00695842
0.00732217
0.00655046
0.00688641
0.00970428
0.00952446
0.00917978
0.0100448
0.00894236
0.00840691
0.00993372
0.00800048
0.00688287
0.00698141
0.00735568
0.00783238
0.0101498
0.010004
0.0103729
0.00964387
0.00926122
0.0108339
0.00981669
0.00917844
0.0089537
0.00707645
0.00874604
0.00926877
0.00727247
0.00798215
0.00916707
0.00783938
0.00712773
0.0098527
0.0101594
0.0101275
0.0101829
0.0101129
0.0127781
0.0100278
0.00876936
0.00700353
0.00709525
0.00720288
0.00715288
0.00713508
0.0071784
0.00994735
0.00697508
0.00821484
0.00932596
0.0100617
0.0107244
0.011469
0.0116354
0.0117145
0.0115159
0.00840056
0.011047
0.00986761
0.0115513
0.0105251
0.0113226
0.0111992
0.0102967
0.00761822
0.0109442
0.0111406
0.0112913
0.0108374
0.0112466
0.0101854
0.00895644
0.0091476
0.0102656
0.0107104
0.0101733
0.00787728
0.00838649
0.0114878
0.0104956
0.00892961
0.00747862
0.00756565
