1.92686e-322
3.156e-05
3.716e-05
5.14e-05
5.102e-05
6.267e-05
7.556e-05
0.00011207
0.00015945
0.00017655
0.00017238
0.00016113
0.00012948
0.00012432
0.00012371
0.00013938
0.00015175
0.00014892
0.00017549
0.00018709
0.000168
0.00017694
0.00018934
0.00019457
0.00020234
0.00021222
0.00021649
0.00025212
0.00022383
0.00023932
0.00024117
0.00024869
0.00025528
0.00027379
0.00029351
0.00028604
0.0002932
0.00028148
0.00028901
0.00032888
0.00029966
0.00031021
0.00031318
0.00035259
0.00038685
0.00037067
0.00035568
0.00035814
0.00037025
0.00039104
0.00040542
0.00045641
0.00048432
0.00046926
0.0004654
0.00047464
0.00045995
0.00042498
0.00042656
0.00045263
0.00047623
0.00046804
0.00054599
0.00052846
0.00049305
0.0005478
0.00057762
0.00054807
0.00056952
0.00058558
0.0005618
0.00060618
0.00064668
0.00061932
0.00064945
0.00063887
0.00063979
0.00065589
0.00062092
0.00070896
0.00066377
0.00067063
0.00073366
0.00065478
0.00067234
0.00070854
0.00067204
0.00067984
0.00067476
0.00069706
0.0007017
0.00071624
0.00072803
0.00075021
0.00073952
0.00074926
0.00074717
0.00077855
0.00076773
0.00078004
0.00078442
0.00082962
0.00080691
0.00082673
0.00081827
0.00084438
0.00086337
0.00084358
0.00089196
0.00086548
0.00089951
0.00089927
0.00093375
0.00092322
0.00088708
0.00091161
0.00087935
0.00092305
0.00090792
0.00092994
0.00092307
0.00095917
0.00096209
0.00092844
0.00097346
0.00098344
0.00085587
0.00070442
0.00078666
0.00077542
0.00079705
0.0007963
0.00083316
0.00083452
0.00081351
0.00082183
0.00087247
0.00082951
0.00089575
0.00083993
0.0008682
0.00088727
0.00088443
0.00082197
0.00089977
0.00089194
0.00088029
0.00092201
0.00089968
0.00091602
0.00103124
0.00124311
0.00128839
0.0012808
0.00111249
0.0011342
0.00085607
0.00093609
0.0009996
0.00097557
0.00100814
0.00099025
0.00099196
0.00099371
0.00104143
0.00106992
0.00107265
0.00106574
0.00108932
0.00119267
0.00105322
0.00106126
0.00109716
0.00139026
0.00132851
0.00140838
0.00148862
0.00138365
0.00146025
0.00138762
0.00138313
0.00138009
0.00143117
0.00149112
0.00143683
0.00143436
0.00145485
0.00145051
0.00157413
0.00146612
0.00146536
0.00149354
0.00151862
0.00153188
0.00153378
0.00159687
0.00158481
0.0013022
0.00121896
0.00183567
0.00184666
0.00133916
0.00123409
0.00144938
0.00174922
0.00168619
0.00165039
0.00178392
0.00180038
0.00181677
0.00176471
0.00159177
0.00153947
0.00200727
0.00144257
0.00139341
0.00177608
0.00185192
0.00185996
0.00173712
0.00176938
0.00172382
0.00173511
0.00210091
0.00174343
0.0018013
0.00179872
0.00180458
0.00178604
0.00179099
0.00177533
0.00179684
0.00182548
0.00185648
0.00209266
0.00201496
0.00202204
0.00196697
0.00194989
0.00198038
0.0016307
0.00194832
0.00207431
0.00193362
0.00186533
0.00183062
0.00179819
0.00183298
0.001828
0.00184379
0.00181481
0.0018828
0.00184049
0.00191563
0.00208771
0.0020317
0.00209759
0.00209108
0.00202495
0.00194319
0.00147842
0.00138873
0.00143665
0.00151692
0.00154875
0.00154746
0.00155422
0.00158386
0.00151687
0.00147049
0.00144876
0.00145561
0.00147075
0.0014816
0.00147637
0.00149557
0.00151607
0.00148964
0.00149763
0.00153684
0.0015124
0.00151585
0.0015293
0.00154215
0.00196898
0.00221539
0.00215474
0.00209299
0.0022888
0.00192471
0.00158506
0.00211298
0.00219284
0.00232438
0.00235867
0.00177759
0.00155048
0.00158812
0.00158249
0.00158857
0.0015914
0.0021886
0.00224281
0.00228183
0.00232487
0.00239305
0.00248251
0.0024857
0.00243125
0.00235051
0.00238788
0.00241109
0.00240801
0.00240223
0.00240507
0.00244879
0.00239797
0.00245627
0.00242534
0.00244293
0.0024299
0.00261549
0.00260604
0.00240351
0.00244765
0.00247957
0.00248106
0.00248368
0.0024921
0.00249807
0.00247977
0.00252567
0.00258519
0.00267661
0.00270753
0.00268664
0.00278753
0.00273503
0.00291288
0.00266566
0.0027504
0.00272636
0.00287303
0.00262178
0.00254099
0.00240273
0.00257193
0.00256651
0.00264666
0.00254279
0.00252608
0.00253898
0.00260897
0.0026361
0.00254883
0.00247165
0.00258657
0.00251367
0.00254546
0.00249526
0.0025172
0.00257266
0.00273369
0.0020912
0.00192472
0.00203535
0.00206986
0.00210291
0.00212055
0.0021403
0.002157
0.0021373
0.00215044
0.00216199
0.00218697
0.00220737
0.0022307
0.00294275
0.00316024
0.00299517
0.00317956
0.00210989
0.00219962
0.00224773
0.00224296
0.00224151
0.00264566
0.00284658
0.00291987
0.00300776
0.0029691
0.00300157
0.0030495
0.00299982
0.00298854
0.00299797
0.00295741
0.00302932
0.00302605
0.00306277
0.0030847
0.00304047
0.00316139
0.00324053
0.00308212
0.00305165
0.00310498
0.00314909
0.00305287
0.0030838
0.00308619
0.00313958
0.00318587
0.00335784
0.00321406
0.00316115
0.00312266
0.00314227
0.0031498
0.00314021
0.00315261
0.0032388
0.0031742
0.00317165
0.00328762
0.00323694
0.00326354
0.00322906
0.00325232
0.0032539
0.00326403
0.00328149
0.00319241
0.00226813
0.00287334
0.00257536
0.00244773
0.00245991
0.00307597
0.00326386
0.00332902
0.00331401
0.00330106
0.00334618
0.00332889
0.00333022
0.00343118
0.00324093
0.0033176
0.00349392
0.00335624
0.00338447
0.00342398
0.00340325
0.0033981
0.0033951
0.00342134
0.00339714
0.00346186
0.00347301
0.00335342
0.00338895
0.00347302
0.00350847
0.00350915
0.00349356
0.00351898
0.00350505
0.0035446
0.00356497
0.00354006
0.00354995
0.00352134
0.00356063
0.00358362
0.00368844
0.00360006
0.00360382
0.0035914
0.00361974
0.00361444
0.00359591
0.00360179
0.0036533
0.00371998
0.00363308
0.00369745
0.00369943
0.00368913
0.00367685
0.00369283
0.00374651
0.00372642
0.003823
0.00375842
0.00373829
0.00373277
0.00372285
0.00381207
0.0037601
0.00373324
0.00382203
0.00345754
0.00269666
0.0028171
0.00288888
0.0029342
0.00290542
0.00291396
0.00289622
0.0029147
0.00290988
0.0034061
0.00384474
0.00380731
0.00378137
0.0037926
0.00373946
0.00370474
0.0037391
0.00382961
0.00387226
0.00371422
0.00371917
0.00375666
0.00380344
0.00374885
0.00376003
0.00390232
0.00395105
0.00393015
0.00396079
0.00399568
0.00380992
0.00412445
0.00367667
0.00297604
0.00403476
0.0038765
0.0039199
0.00387493
0.00390672
0.00392724
0.00370957
0.00381872
0.0031874
0.00291665
0.0030639
0.00307857
0.00311103
0.00315942
0.00317754
0.00321667
0.00321019
0.00321084
0.00431185
0.00425131
0.00340046
0.00342002
0.00387771
0.00422454
0.00409055
0.0043643
0.0041882
0.00411969
0.0040525
0.00420882
0.00420339
0.00409081
0.0042789
0.00412123
0.00405002
0.00414463
0.00424251
0.00433344
0.00419212
0.00426461
0.00414124
0.00420316
0.00427925
0.00429246
0.00419849
0.00430653
0.00436137
0.0039036
0.00315287
0.00370682
0.00409061
0.00422393
0.00433473
0.00431724
0.00433687
0.00431256
0.00428913
0.00429106
0.004266
0.00427613
0.0041739
0.00418684
0.00427528
0.00418463
0.00441166
0.0043749
0.00436061
0.00436107
0.00441081
0.00427431
0.00432812
0.00464461
0.00448687
0.00448749
0.00454752
0.0044102
0.00444328
0.00452173
0.00450074
0.00461115
0.00452617
0.0045896
0.00458375
0.00459102
0.00470199
0.00467326
0.00459852
0.00464876
0.0046565
0.00347396
0.00348638
0.00380396
0.00461334
0.00470668
0.00481246
0.00472226
0.00477585
0.00475038
0.00478432
0.00479936
0.00455985
0.00390718
0.0039128
0.00507061
0.00505469
0.00465675
0.00481564
0.00482483
0.00486041
0.00473081
0.00480191
0.00489559
0.00478864
0.00481244
0.00489046
0.0048804
0.00499181
0.00492238
0.00490326
0.00499598
0.00522508
0.00390683
0.00382432
0.00380354
0.00384101
0.00386802
0.00382757
0.00382406
0.00383993
0.00384058
0.00383036
0.00384512
0.0047651
0.0049766
0.00545282
0.00468723
0.00403444
0.00494734
0.00506715
0.00522735
0.00534876
0.00575784
0.00569625
0.00473474
0.00492928
0.00446759
0.00523338
0.00517408
0.00515992
0.00532567
0.00536288
0.00540753
0.00452402
0.00386928
0.0041685
0.00379846
0.00479911
0.00381677
0.0039523
0.00437716
0.00534639
0.00520744
0.0052377
0.00533071
0.0053566
0.00470223
0.00367146
0.00369534
0.00377573
0.00373018
0.0037707
0.00375671
0.00381448
0.00413009
0.0045823
0.00394914
0.00448269
0.00528334
0.00382698
0.00400927
0.00449612
0.00549633
0.00550441
0.00555921
0.00523188
0.00545624
0.00565665
0.00539681
0.00462586
0.00438097
0.00529875
0.00564913
0.00399255
0.00397603
0.00396876
0.00388646
0.00463586
0.00551207
0.00541688
0.00550498
0.00548343
0.00475181
0.00410714
0.00432427
0.00457311
0.00549226
0.0055809
0.00558781
0.00565891
0.00563873
0.00569819
0.0057738
0.00575558
0.00571922
0.00568667
0.00568448
0.00567866
0.00567136
0.00484573
0.0056042
0.00575545
0.00573519
0.00600764
0.00579064
0.00573555
0.00541145
0.00425521
0.00443589
0.00452791
0.00530247
0.00570849
0.00538853
0.00563102
0.00540344
0.00586164
0.00578033
0.00588763
0.00611563
0.00589591
0.00595196
0.00612801
0.00572227
0.00582589
0.00595503
0.00601134
0.00598902
0.00588778
0.00595798
0.00596089
0.00593016
0.00592842
0.00590593
0.00964505
0.0061756
0.0063118
0.00643214
0.00628795
0.00592556
0.00594918
0.00603519
0.00598067
0.00643945
0.00637175
0.00629511
0.0063598
0.00640795
0.00643514
0.00611611
0.00578478
0.00581728
0.00593353
0.00465359
0.00433441
0.00433986
0.00659884
0.00620763
0.00601547
0.00586626
0.00612638
0.00610318
0.00585703
0.00606765
0.00599973
0.00587696
0.0059972
0.00597493
0.00584244
0.00574682
0.00603515
0.00608743
0.00633936
0.00646712
0.00620739
0.00616872
0.00629024
0.006176
0.00607303
0.00643673
0.00619562
0.00613471
0.00629511
0.006396
0.00612306
0.00618699
0.00628881
0.0065975
0.00623355
0.00623626
0.00630411
0.00617196
0.00639334
0.00615631
0.00596083
0.00627927
0.00654532
0.00627562
0.00633533
0.00646065
0.00675883
0.00631918
0.00700817
0.00699108
0.00692395
0.00673831
0.00675261
0.00680534
0.00677162
0.00651947
0.00641227
0.00649845
0.00610973
0.00647261
0.0064247
0.00559248
0.00665046
0.00648416
0.00651806
0.00660787
0.00705871
0.00641683
0.00671503
0.00658168
0.0066971
0.00660584
0.00674053
0.00644447
0.00650899
0.0064045
0.00487077
0.00657268
0.00653993
0.00675075
0.00689986
0.00665301
0.00702262
0.006795
0.00670132
0.00677968
0.00707238
0.0073462
0.00687552
0.00694776
0.00670838
0.00714986
0.007249
0.00674001
0.00703794
0.00697904
0.00713778
0.00692614
0.00693646
0.00738419
0.00688949
0.00674868
0.00675151
0.00683659
0.00694507
0.0073292
0.00737475
0.00743008
0.00746442
0.00732991
0.00744155
0.00750561
0.00682157
0.00699352
0.0070123
0.00672422
0.00694355
0.00719581
0.00701909
0.007087
0.00698262
0.0073175
0.00718364
0.00685531
0.00680329
0.00703867
0.00693667
0.00706071
0.00705642
0.00608745
0.00508446
0.00501653
0.00593505
0.00693346
0.00696616
0.0075443
0.00746085
0.00772042
0.00741166
0.00689732
0.00703302
0.00715103
0.00715253
0.00712942
0.00690629
0.00716273
0.00979561
0.00769313
0.00552014
0.00624235
0.00665272
0.00528337
0.00585376
0.00774311
0.00801499
0.00759363
0.00730909
0.00761992
0.00738223
0.00760882
0.00813751
0.0061907
0.00525768
0.00535213
0.00529562
0.00531505
0.00722116
0.00734132
0.00746959
0.00730812
0.00762489
0.00722315
0.00787092
0.00791439
0.00758184
0.00511794
0.00730888
0.0073674
0.00765078
0.00730625
0.00738622
0.00744827
0.00730929
0.00722287
0.00780646
0.00797202
0.00538508
0.0053272
0.00532333
0.00543927
0.00535993
