1.92686e-322
4.2e-06
6.89e-06
6.51e-06
7.17e-06
7.6e-06
7.81e-06
8.44e-06
8.86e-06
1.11e-05
1.226e-05
1.653e-05
1.305e-05
1.615e-05
1.492e-05
1.711e-05
1.807e-05
2.165e-05
1.935e-05
2.139e-05
2.485e-05
2.322e-05
2.626e-05
2.344e-05
2.455e-05
2.695e-05
3.382e-05
1.926e-05
1.548e-05
1.663e-05
1.35e-05
1.39e-05
1.424e-05
1.454e-05
1.505e-05
1.587e-05
1.808e-05
1.557e-05
1.598e-05
1.511e-05
1.756e-05
1.789e-05
1.657e-05
1.665e-05
1.685e-05
1.682e-05
1.727e-05
1.816e-05
1.821e-05
1.851e-05
1.847e-05
1.932e-05
2.055e-05
2.592e-05
2.109e-05
2.189e-05
2.229e-05
4.571e-05
2.476e-05
3.346e-05
2.298e-05
2.267e-05
2.261e-05
3.846e-05
4.948e-05
5.18e-05
5.824e-05
2.853e-05
3.082e-05
3.08e-05
3.76e-05
3.734e-05
3.111e-05
3.275e-05
3.397e-05
3.226e-05
3.207e-05
2.941e-05
2.855e-05
2.859e-05
3.057e-05
3.02e-05
3.414e-05
2.958e-05
2.98e-05
2.998e-05
3.026e-05
3.068e-05
3.155e-05
3.141e-05
3.448e-05
3.283e-05
3.252e-05
3.313e-05
3.306e-05
3.344e-05
3.442e-05
3.478e-05
3.811e-05
4.533e-05
4.319e-05
4.814e-05
3.984e-05
4.142e-05
4.09e-05
4.145e-05
4.174e-05
4.94e-05
3.413e-05
3.5e-05
5.794e-05
4.156e-05
3.645e-05
3.71e-05
3.733e-05
3.566e-05
3.755e-05
3.55e-05
3.792e-05
3.722e-05
3.539e-05
3.612e-05
3.592e-05
3.614e-05
4.186e-05
4.715e-05
4.108e-05
4.186e-05
4.866e-05
4.067e-05
3.944e-05
4.034e-05
4.025e-05
3.987e-05
4.056e-05
4.085e-05
4.1e-05
4.189e-05
4.135e-05
4.575e-05
5.024e-05
4.332e-05
4.25e-05
4.313e-05
4.962e-05
4.426e-05
4.348e-05
0.00010163
5.331e-05
5.767e-05
5.447e-05
5.309e-05
5.322e-05
5.323e-05
5.574e-05
5.426e-05
5.436e-05
5.452e-05
5.518e-05
5.522e-05
5.886e-05
5.791e-05
5.874e-05
5.816e-05
9.069e-05
0.00010899
7.065e-05
6.31e-05
6.38e-05
6.533e-05
5.641e-05
0.00010338
6.619e-05
6.541e-05
6.305e-05
6.159e-05
6.789e-05
7.402e-05
7.138e-05
7.275e-05
9.673e-05
0.00010768
7.846e-05
7.766e-05
0.00010625
0.00010839
0.00011695
0.00014514
7.278e-05
0.00015325
7.537e-05
0.00010821
0.00010041
9.032e-05
7.654e-05
7.1e-05
7.613e-05
0.00013745
0.00010351
7.134e-05
7.156e-05
7.231e-05
7.225e-05
7.534e-05
7.235e-05
7.246e-05
7.263e-05
0.00012391
9.376e-05
7.091e-05
7.072e-05
6.563e-05
6.583e-05
6.389e-05
6.862e-05
6.844e-05
6.402e-05
8.708e-05
6.926e-05
6.751e-05
7.246e-05
8.35e-05
6.966e-05
6.774e-05
6.7e-05
7.117e-05
6.599e-05
7.98e-05
9.513e-05
7.57e-05
9.573e-05
0.00013096
7.103e-05
7.064e-05
8.517e-05
8.042e-05
7.4e-05
7.027e-05
7.299e-05
7.954e-05
7.487e-05
7.455e-05
7.632e-05
7.692e-05
7.855e-05
8.196e-05
0.00013772
0.00014328
9.626e-05
9.114e-05
8.949e-05
9.791e-05
0.00010176
8.376e-05
0.00011383
8.989e-05
0.00010343
9.439e-05
0.00010293
9.72e-05
9.687e-05
0.00014686
0.00011717
0.0001089
0.00010073
9.887e-05
9.985e-05
9.983e-05
9.691e-05
9.787e-05
9.93e-05
9.698e-05
9.701e-05
9.796e-05
9.809e-05
9.486e-05
0.00014261
9.019e-05
8.972e-05
9.065e-05
0.00010551
0.00010199
0.00010552
0.00012629
0.00010943
0.00011055
0.00011068
0.00011085
0.000112
0.00011456
0.00013306
0.00012602
0.00010311
0.00010799
0.00010809
0.00011118
0.00011112
0.00011351
0.00011238
0.00011308
0.00011295
0.00011211
0.00011487
9.208e-05
0.00013385
0.00010668
0.00011223
0.00011184
0.00011371
0.00011677
0.00011347
0.00011516
0.00011512
0.00011978
0.00012003
0.00013361
0.00011917
0.00017257
0.00014251
0.00010799
0.0001104
0.00011067
0.00010793
0.00011103
0.00010843
0.00010821
0.00010893
0.0001104
0.00011359
0.00011126
0.00015716
0.000115
0.00011838
0.00011781
0.00011412
0.00012298
0.00011776
0.00012341
0.0001294
0.0001271
0.00013056
0.00012472
0.00025139
0.00020661
0.00015023
0.00018331
0.00027844
0.00016572
0.00013909
0.00014973
0.0001584
0.00013106
0.00019039
0.00026472
0.00024581
0.00018301
0.000151
0.00015187
0.00016227
0.00016665
0.00028607
0.00013946
0.00013434
0.00012227
0.00011685
0.00012079
0.00010695
0.00010723
0.00010773
0.0001214
0.00017813
0.00010998
0.000111
0.00011193
0.00012094
0.00011302
0.00011284
0.00012205
0.00013979
0.00013772
0.00013722
0.00017336
0.00015783
0.00014936
0.00014525
0.00015152
0.00014816
0.00015853
0.00015496
0.00017602
0.00016353
0.00019191
0.00015501
0.00016443
0.00015476
0.00016605
0.00016363
0.00016587
0.00016796
0.0001582
0.0001961
0.00016712
0.00018077
0.00016588
0.00017182
0.00017553
0.00019398
0.00016122
0.0001755
0.00024816
0.00020106
0.00018694
0.00019239
0.00018589
0.00017149
0.0001571
0.0001437
0.00017348
0.00015456
0.00018338
0.00094433
0.00041618
0.00036379
0.00032333
0.0003536
0.0001729
0.0004443
0.00013593
0.00014347
0.00013988
0.00013083
0.00013152
0.0001327
0.00013264
0.00013473
0.00013392
0.00019218
0.00013101
0.00013208
0.00013526
0.00013701
0.00013512
0.00014834
0.00013442
0.00014033
0.0001355
0.00013781
0.00017386
0.00015687
0.00015217
0.00014417
0.00013118
0.00013266
0.00013215
0.0001349
0.00013999
0.00013813
0.00018768
0.00014375
0.00016061
0.00014172
0.00014332
0.00014711
0.00014412
0.00014378
0.00021751
0.0003643
0.00032507
0.00022504
0.00018377
0.0001823
0.00020114
0.00017152
0.00022357
0.00017031
0.00017298
0.00017277
0.00019811
0.00020891
0.00017071
0.00017006
0.0002046
0.0002157
0.00021038
0.00021232
0.0002132
0.00018813
0.00018865
0.00019067
0.00020612
0.00019138
0.00018229
0.00014412
0.00014468
0.0001441
0.00014803
0.00015278
0.00015216
0.00021889
0.00018446
0.00015503
0.00015794
0.00016959
0.00019678
0.00020013
0.00019824
0.00022229
0.00032525
0.00023824
0.00032705
0.00020618
0.00020132
0.00020915
0.00022609
0.00020631
0.00021471
0.00017839
0.00015302
0.00015942
0.00016135
0.00016184
0.00023001
0.00017151
0.00018211
0.00021528
0.00018596
0.00018828
0.00018651
0.00019277
0.00024406
0.00020316
0.00019817
0.00020615
0.00019078
0.00019173
0.00019122
0.00019664
0.00016379
0.00021213
0.00015795
0.00017052
0.00015635
0.0001556
0.00015636
0.00015924
0.00021832
0.00016774
0.00016913
0.00017391
0.00017247
0.00017027
0.00017279
0.00017786
0.00016789
0.00021855
0.00018867
0.00017267
0.00017624
0.00017445
0.00017485
0.00017525
0.00017482
0.00024514
0.00018628
0.00017707
0.00017773
0.00017737
0.00018046
0.00017597
0.00017818
0.00026236
0.00018033
0.00017912
0.00018068
0.00018144
0.00017409
0.00017569
0.0001777
0.00021177
0.00018618
0.00018276
0.00018484
0.0001864
0.00018637
0.000185
0.00018367
0.00020974
0.0001812
0.00018047
0.0001824
0.0001833
0.00018122
0.00018766
0.000184
0.00020122
0.00023628
0.00021274
0.00021362
0.00024256
0.00017741
0.00017086
0.0001778
0.00026152
0.0002246
0.00023543
0.00023723
0.00023503
0.00023485
0.00029808
0.00023311
0.00023029
0.00023018
0.00034623
0.00024643
0.00028679
0.00032314
0.00022737
0.00025568
0.00029574
0.00021852
0.00031666
0.00022259
0.00023644
0.00039994
0.00031782
0.00042366
0.00023972
0.00035357
0.00038126
0.00023734
0.00026397
0.0002386
0.00024712
0.00023839
0.00025677
0.00023521
0.00023645
0.00018964
0.00018423
0.00021557
0.00018847
0.00023901
0.00023135
0.00024635
0.00020428
0.00021623
0.00020528
0.0002528
0.0003287
0.00028533
0.00025869
0.00024125
0.00023653
0.00024048
0.00020616
0.00020475
0.00028146
0.00023681
0.0002441
0.00024188
0.00021323
0.00022933
0.00028057
0.00020557
0.00020487
0.00020323
0.00020215
0.00023921
0.00025939
0.00031415
0.00026108
0.00026556
0.00026227
0.00021488
0.00021138
0.00031117
0.00026396
0.00026543
0.00024635
0.00024833
0.00025102
0.00030113
0.00023526
0.000239
0.0002302
0.00022079
0.00021181
0.00028787
0.00028634
0.00024069
0.00023422
0.00027527
0.00029094
0.00037375
0.00026938
0.00029043
0.00025369
0.00022076
0.00022759
0.00029687
0.00027241
0.00027018
0.00026708
0.00029269
0.00032418
0.00025847
0.0002644
0.00031001
0.00027654
0.00033539
0.00027669
0.00027988
0.00027883
0.00025076
0.00021712
0.0003043
0.00027249
0.00028756
0.00032197
0.00024779
0.00024103
0.00028715
0.0002781
0.00026622
0.00026371
0.0002249
0.00026094
0.00025893
0.00026872
0.00026663
0.00027512
0.00024123
0.00030249
0.00029275
0.00028383
0.00029749
0.00028961
0.00032299
0.00027305
0.00028734
0.00029267
0.00028329
0.00027592
0.00032552
0.00030443
0.00029237
0.00028656
0.00027322
0.00036555
0.00030424
0.00029035
0.00027274
0.00028393
0.00031545
0.00028466
0.00029329
0.00026075
0.00026759
0.0003192
0.00030594
0.00029718
0.00029146
0.00028361
0.0003225
0.00027897
0.00027417
0.00028244
0.00029542
0.00031234
0.00033433
0.00031193
0.00030609
0.00030916
0.00033799
0.00035146
0.00029981
0.00029383
0.00026536
0.00029256
0.00030795
0.00028942
0.00032296
0.0003012
0.00031229
0.00035179
0.00031027
0.00030325
0.00030121
0.00038546
0.00029806
0.00029473
0.0002929
0.00028494
0.00033661
0.00031704
0.00030911
0.00029643
0.00032861
0.00040455
0.00035188
0.00031314
0.00031838
0.00032066
0.00031594
0.00029185
0.00029099
0.000285
0.00040598
0.00032967
0.00032957
0.00030188
0.00029377
0.00036247
0.00033002
0.00033722
0.00033116
0.00028725
0.00034876
0.00029537
0.00030525
0.00032014
0.00033626
0.0002915
0.00023409
0.00023662
0.00024809
0.00023882
0.00024124
0.00030477
0.00029301
0.00030288
0.00028017
0.00028472
0.0003456
0.00033049
0.00031732
0.00030062
0.00031522
0.00034847
0.00031995
0.00031997
0.00030438
0.00031019
0.00033377
0.00031726
0.00031507
0.00031649
0.00033314
0.00035909
0.00031364
0.00031174
0.00034894
0.00038036
0.00029533
0.00030257
0.00033882
0.00033303
0.00038728
0.00031224
0.00032534
0.0003076
0.00032014
0.00027356
0.00025257
0.00026077
0.00025334
0.0002701
0.00040322
0.00071334
0.00040035
0.00054318
0.00032361
0.00031938
0.00031848
0.00038323
0.00044496
0.00035643
0.00034264
0.00040146
0.00038507
0.00034864
0.00037331
0.00036462
0.0003067
0.00029939
0.00031423
0.00032742
0.00035753
0.00035719
0.00030406
0.00031357
0.0003388
0.00037381
0.00033844
0.00035321
0.00033018
0.00034837
0.0003243
0.00033413
0.00033015
0.00032928
0.00033533
0.00031699
0.00034195
0.0003482
0.00036435
0.00034846
0.00034686
0.00035311
0.00034867
0.00036672
0.00035156
0.00035083
0.00035037
0.00034932
0.00033941
0.00033125
0.00033201
0.00034113
0.000356
0.00035377
0.00034446
0.0003259
0.00046017
0.00069041
0.00043297
0.00046833
0.00036629
0.00036637
0.00037011
0.00039835
0.0003426
0.00032985
0.00033615
0.00037804
0.00032148
0.00028435
0.00027007
0.00033739
0.00036232
0.00034537
0.00037145
0.00036772
0.00037919
0.00036851
0.0003608
0.00039133
0.00038855
0.00035903
0.0003729
0.00037305
0.00038625
0.00040261
0.0003679
0.0003696
0.00039939
0.0003746
0.00040031
0.00038804
0.00039769
0.00039372
0.00041026
0.00037296
0.00039709
0.00038126
0.00039617
0.00038174
0.0003878
0.00040273
0.00039795
0.00037622
0.00041062
0.00040275
0.00037051
0.00038285
0.00041247
0.00039519
0.00038595
0.0003955
0.00044519
0.00037829
0.00038583
0.00041586
0.00042917
0.00039545
0.00039351
0.00047464
0.00039058
0.0003985
0.00039585
0.00041688
0.00039551
0.00038851
0.0004594
0.00043262
0.00040135
0.00038886
0.00044733
0.00042186
0.00040696
